0 1 0 0 0 0 0 0 
0 0 0 0 0 0 1 0 
0 0 1 0 0 0 0 0 
0 0 0 0 0 0 0 1 
0 0 1 0 0 0 0 0 
0 0 0 0 0 0 1 0 
0 0 0 0 0 0 0 0 
0 0 0 0 1 0 1 0 

0 1 0 0 0 0 0 0 
0 0 0 0 0 0 1 0 
0 0 1 0 0 0 0 0 
0 0 0 0 0 0 0 1 
0 0 1 0 0 0 0 0 
0 0 0 0 0 0 1 0 
0 0 0 0 0 0 0 0 
0 0 0 0 1 0 1 0 
0 1 204 204 204 204 204 204 
0 204 204 204 204 204 1 204 
0 204 1 204 204 204 204 204 
0 204 204 204 204 204 204 1 
0 204 1 204 204 204 204 204 
0 204 204 204 204 204 1 204 
0 204 204 204 204 204 204 204 
0 204 204 204 1 204 1 204 

0 1 205 205 205 205 205 205 
0 205 205 205 205 205 1 205 
0 205 1 205 205 205 205 205 
0 205 205 205 205 205 205 1 
0 205 1 205 205 205 205 205 
0 205 205 205 205 205 1 205 
0 205 205 205 205 205 205 205 
0 205 205 205 1 205 1 205 



